1.00000000000003 0.792351734110767 -0.239786115292334 -0.239110533715103 -0.241577550690339 -0.238067316977597 0.997804422667336 0.993969399071637 0.218938588996642 -0.238376347949244 0.990698773495216 -0.403157052964574 -0.239110533715103 0.990702373627091 -0.089686432107349 -0.404701267749217 0.197745492356755 -0.118703177202093 -0.237698844175161 0.218938588996642 -0.366714499580202 0.829253396665804 -0.561790643738631 -0.124562336924212 -0.383014183037862 -0.101638672142081 -0.291604863579953 0.7521998255099 -0.0593167180214164 -0.301483719412808 -0.570699344856178 -0.0589028292120996 -0.240354033411393 0.134585526836663 -0.10334069007625 -0.171058757393453 -0.383014183037862 0.753472495137828 0.118608645542383 0.740928372807813 -0.375217836720577 -0.24129888398715 0.304245615672014 -0.291941962745619 -0.218733446272492 -0.120062421819036 0.750599704826971 0.218592252365651 0.304301600674978 -0.124562336924212
0.792351734110767 0.999999999999974 0.374751954112174 0.376181445685175 -0.313573885586577 0.3763815300729 0.79063270879549 0.788473486560411 0.169190153308662 0.373721196255066 0.785321983504468 -0.512583573942488 0.376181445685175 0.78689417526769 -0.103139252059357 -0.514117832020277 0.162396682376004 0.133556667899826 0.375152715643706 0.169190153308662 -0.367287305599107 0.718634708247061 -0.627563423919617 0.122014789056762 -0.391083736922576 0.150946613643448 -0.366315051219899 0.619279532569855 0.156013653415764 -0.376859048361492 -0.638816287905229 -0.0673545948672918 -0.00585210292098597 0.117360436635049 0.148020264757646 -0.217116625108277 -0.392258746535229 0.618624757134091 0.0915620366471637 0.627761449139479 -0.381189164830778 -0.00710391757200721 0.247994756879079 -0.366720012086204 -0.138008455502873 -0.145775988112315 0.615763608943533 0.170548805039256 0.247636395438829 0.122014789056762
-0.239786115292334 0.374751954112174 1.00000000000002 0.998656465959698 -0.131480183924108 0.997308803978687 -0.239236711069187 -0.24028631156985 -0.0544231692296191 0.990567062214227 -0.241930008945245 -0.195354658450259 0.995967416589756 -0.239405079220602 -0.0234043136596887 -0.19546550154687 -0.040525820041419 0.414052556598299 0.989221918819334 -0.0544231692296191 -0.0182503077382392 -0.102140129544768 -0.130476749771638 0.404222977402711 -0.0292839840288881 0.398790990332565 -0.130391250902265 -0.142222917218895 0.347221355853892 -0.135101179951604 -0.134307203269997 -0.0138303038364131 0.366949314707084 -0.011412306204722 0.396459246699194 -0.0822623549935745 -0.0312244773049393 -0.145317494540648 -0.0390316788188973 -0.149715432228733 -0.0255246996442711 0.366399894271747 -0.0680798276806255 -0.130537107412337 0.117937773533586 -0.0421659073107859 -0.147060223189635 -0.0514864859402212 -0.0686922541200435 0.404222977402711
-0.239110533715103 0.376181445685175 0.998656465959698 1.00000000000003 -0.131924229731667 0.998656465959698 -0.238559548568323 -0.239608102844112 -0.054635721235034 0.9919293157458 -0.24125652809851 -0.196100239751623 0.997313095569189 -0.238732129881197 -0.0235712454021383 -0.196210658236009 -0.040705929940509 0.413504485152498 0.990582164771105 -0.054635721235034 -0.0170171950040696 -0.101645284005815 -0.130018734049216 0.403681103558148 -0.0281912970499796 0.404188484282265 -0.130937069960798 -0.141856205065511 0.346704733305908 -0.135739838429564 -0.133866308252972 -0.0139670716980018 0.365892751655664 -0.0115601279118682 0.401896619281039 -0.0826279556018226 -0.0301302424779504 -0.144947309434808 -0.0391435787097034 -0.149366558728748 -0.0244115199823555 0.365342879164 -0.0647196755972047 -0.131082318057969 0.120238707743224 -0.0424346581160595 -0.146694140180499 -0.0517056808777173 -0.0653400630956417 0.403681103558148
-0.241577550690339 -0.313573885586577 -0.131480183924108 -0.131924229731667 0.999999999999989 -0.131480183924108 -0.242798495599848 -0.242123827536191 -0.0477881195885458 -0.130145338362484 -0.242008283610499 -0.156063036657149 -0.131924229731667 -0.242959654662109 -0.0451943306583888 -0.156232963585384 -0.0598219701491644 -0.0702638019481108 -0.130590741356388 -0.0477881195885458 -0.16946123409458 -0.259377924632819 -0.245732601033413 -0.0710523264370364 -0.181265724523359 -0.0469206543632057 -0.122803760299148 -0.279900699941659 -0.0557040730357424 -0.115820490203322 -0.211481491406052 -0.0413272009812191 0.684168701637949 -0.0371323086275153 -0.0459850461209751 -0.114586083749084 -0.177264538630077 -0.279748899148249 -0.0190872008911867 -0.275093396860967 -0.172737341258263 0.683528891074397 -0.0966799112005577 -0.120517805744684 -0.122046308306799 -0.0588406747904415 -0.274370675688321 -0.0448011571014316 -0.0972393493495679 -0.0710523264370364
-0.238067316977597 0.3763815300729 0.997308803978687 0.998656465959698 -0.131480183924108 1.00000000000002 -0.237516845710894 -0.238568741668922 -0.0544231692296191 0.9932647510525 -0.240215615860463 -0.197296804636648 0.998656465959698 -0.237691505634982 -0.0234043136596887 -0.197404835821569 -0.0405258200414189 0.407997740316737 0.991917434527802 -0.0544231692296191 -0.0162211429908255 -0.102140129544768 -0.130476749771638 0.398206053311038 -0.0273434907528369 0.40474638346508 -0.130391250902265 -0.142222917218895 0.347221355853892 -0.137285445293898 -0.134307203269997 -0.0138303038364131 0.366949314707084 -0.011412306204722 0.402451134476892 -0.0822623549935744 -0.0292839840288881 -0.145317494540648 -0.0390316788188973 -0.149715432228733 -0.0235681842645171 0.366399894271748 -0.0643852584246083 -0.130537107412337 0.12084665705602 -0.0421659073107858 -0.147060223189635 -0.0514864859402212 -0.0650050692504757 0.398206053311038
0.997804422667336 0.79063270879549 -0.239236711069187 -0.238559548568323 -0.242798495599848 -0.237516845710894 0.999999999999979 0.996159394321224 0.219401926069443 -0.237829555930933 0.992890402735678 -0.405977797714125 -0.238559548568323 0.992891061281657 -0.0895046971622215 -0.4075180101769 0.198139993945315 -0.118498268127205 -0.237150468611275 0.219401926069443 -0.365907328104722 0.830331934630255 -0.563667562536124 -0.124358963557762 -0.382139579906407 -0.101401102622661 -0.290954660515696 0.753408517128998 -0.05904697954222 -0.304903788807235 -0.572558704686187 -0.0587503367407028 -0.23952614184573 0.134869810906861 -0.103106163933856 -0.170613354504523 -0.382139579906408 0.754681410824807 0.118865242156087 0.742158269249179 -0.374347964221711 -0.240470440147059 0.304927962000565 -0.291292598391879 -0.218214875660231 -0.119750158346216 0.751811765621202 0.219060875424198 0.304985351830638 -0.124358963557762
0.993969399071637 0.788473486560411 -0.24028631156985 -0.239608102844112 -0.242123827536191 -0.238568741668922 0.996159394321224 1 0.219272586941926 -0.237165205994734 0.996729091207682 -0.40733922208232 -0.23789190297487 0.996726186852217 -0.0892666896245859 -0.410111722534882 0.198011230373518 -0.118200997170722 -0.236486444337517 0.219272586941926 -0.366197286379564 0.834414898878102 -0.568511185354736 -0.124052821041476 -0.382312558141688 -0.101115632179772 -0.290151269149657 0.757562531475363 -0.0588150943473981 -0.310990269119978 -0.577391150267802 -0.0644777542654183 -0.238718552274853 0.134790036050997 -0.102819409841759 -0.172228908216983 -0.382312558141688 0.758836674627368 0.118797955577989 0.746331219631936 -0.374546346255834 -0.239661021584419 0.304767387785653 -0.29048907028768 -0.21945338786412 -0.122258544589316 0.75596389720739 0.218934738313791 0.304825385140374 -0.124052821041476
0.218938588996642 0.169190153308662 -0.0544231692296191 -0.054635721235034 -0.0477881195885458 -0.0544231692296191 0.219401926069443 0.219272586941926 0.999999999999969 -0.0537841151395434 0.21788789104495 -0.0803020340406718 -0.054635721235034 0.218109958661352 0.0102663162839759 -0.080370369522613 -0.0270834846991596 -0.0167076886406005 -0.0539973677556227 0.999999999999969 -0.0752123782224546 0.215236552350127 -0.139246266804479 -0.0171758627936896 -0.0941842677348705 -0.00821057451430408 -0.0798401802868426 0.201864108600871 -0.0217109962008828 -0.075144165371673 -0.140159498025352 -0.0281597354116419 -0.0777913177569643 -0.0298983097150481 -0.00769053800484094 -0.0413849695374444 -0.0941842677348705 0.202159131467389 -0.00771643194085118 0.197000775388999 -0.0921683928285865 -0.077979714557349 -0.0205597893326678 -0.0798601908787999 -0.0438734169812858 -0.0392570968211932 0.20081047999294 0.98347649155375 -0.0208696689310785 -0.0171758627936896
-0.238376347949244 0.373721196255066 0.990567062214227 0.9919293157458 -0.130145338362484 0.9932647510525 -0.237829555930933 -0.237165205994734 -0.0537841151395434 0.999999999999957 -0.238804247254983 -0.198953559158637 0.994624852753638 -0.236280152129695 -0.0229021892504959 -0.199057225422417 -0.0399842388259117 0.409637579152728 0.998649990750128 -0.0537841151395434 -0.01382550812075 -0.100203377062158 -0.136917253667537 0.399827213517939 -0.0247922271609063 0.406430296918863 -0.128750091628382 -0.139985120691084 0.354644475357863 -0.14850740981062 -0.140709020174168 -0.0134188473506502 0.372345168866287 -0.0109675527335208 0.404124835914284 -0.0811630127430763 -0.0267374020980141 -0.14308793190777 -0.0386953672085688 -0.147431130854428 -0.0210303303677874 0.371796489618045 -0.0670830361537164 -0.128897780984999 0.122677809391591 -0.0638284018794711 -0.144824913584448 -0.0508274039190218 -0.0676937166111073 0.399827213517939
0.990698773495216 0.785321983504468 -0.241930008945245 -0.24125652809851 -0.242008283610499 -0.240215615860463 0.992890402735678 0.996729091207682 0.21788789104495 -0.238804247254983 0.999999999999964 -0.406322279832784 -0.239543502511404 0.996726373441859 -0.0898115547799538 -0.409093740102506 0.196832363919886 -0.118815516156362 -0.238130218771755 0.21788789104495 -0.366029273902345 0.837719907800755 -0.571465680019155 -0.124662801548403 -0.383695791825928 -0.101827741605203 -0.292100372082133 0.761379356452967 -0.0596230720179611 -0.313270335954349 -0.58041995114333 -0.0649238710381424 -0.239793529416317 0.133940447622648 -0.103522426672922 -0.171445102447388 -0.383695791825928 0.76265785227125 0.130189834930298 0.750068702766443 -0.375905116996038 -0.240738050618517 0.30508157540902 -0.292435666121551 -0.21915125884385 -0.123189120624624 0.759761018442282 0.21753421682787 0.305130664224345 -0.124662801548403
-0.403157052964574 -0.512583573942488 -0.195354658450259 -0.196100239751623 -0.156063036657149 -0.197296804636648 -0.405977797714125 -0.40733922208232 -0.0803020340406718 -0.198953559158637 -0.406322279832784 0.99999999999998 -0.198040836771476 -0.408689111382764 -0.0816355346969911 0.997902070469898 -0.0811645001122094 -0.080592136290869 -0.19969686655889 -0.0803020340406718 -0.270428583896274 -0.332089872860217 0.35770612974469 -0.0690780944999024 -0.234784337732832 -0.0846474794450588 -0.155271540997805 -0.167025457677146 -0.0932543449432706 0.728700324179773 0.35056000997739 0.161028226252143 -0.235482884594466 -0.0738080910685728 -0.0831576337601455 -0.138400859785507 -0.233383948617392 -0.166578772538775 -0.0477613917127117 -0.176285226070259 -0.231120967054667 -0.236157007392598 -0.138859482159348 -0.152232018369769 -0.162699805223046 0.301846375562336 -0.16960083568697 -0.0806405886277533 -0.1398179382281 -0.0690780944999024
-0.239110533715103 0.376181445685175 0.995967416589756 0.997313095569189 -0.131924229731667 0.998656465959698 -0.238559548568323 -0.23789190297487 -0.054635721235034 0.994624852753638 -0.239543502511404 -0.198040836771476 1.00000000000003 -0.237019923139574 -0.0235712454021383 -0.198148445587113 -0.040705929940509 0.407454498537637 0.99327553038255 -0.054635721235034 -0.0170171950040696 -0.101645284005815 -0.13170015935683 0.397668978908204 -0.0281912970499796 0.404188484282265 -0.130937069960798 -0.141856205065511 0.35255007468648 -0.137922361477279 -0.135551984686007 -0.0139670716980018 0.368097263503301 -0.0115601279118682 0.401896619281039 -0.0826279556018226 -0.0301302424779504 -0.144947309434808 -0.0391435787097034 -0.149366558728748 -0.0244115199823555 0.367546780203168 -0.0647196755972047 -0.131082318057969 0.120238707743224 -0.0424346581160595 -0.146694140180499 -0.0517056808777173 -0.0653400630956417 0.397668978908204
0.990702373627091 0.78689417526769 -0.239405079220602 -0.238732129881197 -0.242959654662109 -0.237691505634982 0.992891061281657 0.996726186852217 0.218109958661352 -0.236280152129695 0.996726373441859 -0.408689111382764 -0.237019923139574 1 -0.0895320793840326 -0.411454304029452 0.197009021361084 -0.118481139264518 -0.235606670851847 0.218109958661352 -0.366115299140464 0.836792631812768 -0.570572129661332 -0.124323535572923 -0.382404068984642 -0.101479499121709 -0.2896129322972 0.759630832974622 -0.0555642367245189 -0.313560080130536 -0.579493697466005 -0.0647044685219307 -0.238705374706266 0.134076420558834 -0.10317535359366 -0.172927337880786 -0.382404068984642 0.760906721061565 0.130309896822774 0.74835819074834 -0.374626653838454 -0.239648309737809 0.307779860521133 -0.289952624979814 -0.220246716289267 -0.122744850693872 0.758020360843459 0.217761934374523 0.307825589047222 -0.124323535572923
-0.089686432107349 -0.103139252059357 -0.0234043136596887 -0.0235712454021383 -0.0451943306583888 -0.0234043136596887 -0.0895046971622215 -0.0892666896245859 0.0102663162839759 -0.0229021892504959 -0.0898115547799538 -0.0816355346969911 -0.0235712454021383 -0.0895320793840326 1.00000000000001 -0.0762970174764917 -0.029348363544187 -0.0300893980184694 -0.0230697870056468 0.0102663162839759 0.235571817592548 -0.112800482392539 0.160397593194874 -0.0303163858090314 0.222732926880037 -0.0160307955534976 0.279207602522363 -0.126145638374811 0.0153433455332647 -0.0488461611264321 0.157892133648814 -0.0204187963943897 -0.0324353530541363 -0.0216794472562971 -0.0157154673283698 0.00458257798624589 0.222732926880037 -0.126115567094829 0.00658679210146018 -0.129093845440543 0.226597573665756 -0.0325786025872412 -0.0430953635965781 0.278320897543523 -0.00642475161926059 -0.0170194441475897 -0.126557274621291 0.0089889683162076 -0.0432637207750427 -0.0303163858090314
-0.404701267749217 -0.514117832020277 -0.19546550154687 -0.196210658236009 -0.156232963585384 -0.197404835821569 -0.4075180101769 -0.410111722534882 -0.080370369522613 -0.199057225422417 -0.409093740102506 0.997902070469898 -0.198148445587113 -0.411454304029452 -0.0762970174764917 0.999999999999991 -0.08120019503671 -0.0806325283438137 -0.199800112308153 -0.080370369522613 -0.269158228945252 -0.335006679428204 0.361081406488332 -0.0691363419614316 -0.233673211800028 -0.0846944412971641 -0.153795558689021 -0.170206017890072 -0.093292169168008 0.731829053812541 0.353940279898551 0.16068849088279 -0.235692839632815 -0.0738144026621598 -0.0832056325281278 -0.138511470798032 -0.232274850220183 -0.169761687108174 -0.0477953965203686 -0.179461905910271 -0.229998203230179 -0.236366628496358 -0.138936655643254 -0.150764531706155 -0.162833174388417 0.304422071542519 -0.172776242471063 -0.0807115354208409 -0.139894496475289 -0.0691363419614316
0.197745492356755 0.162396682376004 -0.040525820041419 -0.040705929940509 -0.0598219701491644 -0.0405258200414189 0.198139993945315 0.198011230373518 -0.0270834846991596 -0.0399842388259117 0.196832363919886 -0.0811645001122094 -0.040705929940509 0.197009021361084 -0.029348363544187 -0.08120019503671 1.00000000000003 -0.0197219992184695 -0.0401649758713834 -0.0270834846991596 -0.078598552022503 0.148474276274269 -0.115830842199136 -0.0200739137805228 -0.0809067468286453 -0.0371677316487218 -0.0505435176771678 0.137331518636206 -0.0378964752751704 -0.0649347272572158 -0.119455575468824 -0.0233710721289742 -0.024253964512794 0.696276477102389 -0.0369221347813963 -0.043978610860147 -0.0809067468286453 0.137555994427247 -0.0226174535944866 0.137404168884551 -0.0792562925313026 -0.024421492167481 -0.00711718494913697 -0.0506007973404649 -0.059677956973305 -0.0478150867612832 0.136496117107153 -0.0279640200633118 -0.00739424830308476 -0.0200739137805228
-0.118703177202093 0.133556667899826 0.414052556598299 0.413504485152498 -0.0702638019481108 0.407997740316737 -0.118498268127205 -0.118200997170722 -0.0167076886406005 0.409637579152728 -0.118815516156362 -0.080592136290869 0.407454498537637 -0.118481139264518 -0.0300893980184694 -0.0806325283438137 -0.0197219992184695 1.00000000000002 0.409089271345424 -0.0167076886406005 -0.0261502566790246 0.163169988961102 -0.0789152321816529 0.97971722813711 -0.0318357026904762 -0.0113085916066621 -0.03017654105765 0.146109295499112 -0.0388533461613572 -0.0669523257487952 -0.0825307608346444 -0.0239611823789856 -0.0841265515108422 -0.00581049351534415 -0.0108925777772949 -0.0026887967530868 -0.0318357026904762 0.142588711230149 -0.0231885352770722 0.138281694727023 -0.0297215420167564 -0.0842818898352936 -0.0376046928922342 -0.0302912654252823 -0.00439795967159968 -0.0288485720342242 0.141499006058301 -0.0177760633087562 -0.0378281753644174 0.97971722813711
-0.237698844175161 0.375152715643706 0.989221918819334 0.990582164771105 -0.130590741356388 0.991917434527802 -0.237150468611275 -0.236486444337517 -0.0539973677556227 0.998649990750128 -0.238130218771755 -0.19969686655889 0.99327553038255 -0.235606670851847 -0.0230697870056468 -0.199800112308153 -0.0401649758713834 0.409089271345424 1.00000000000004 -0.0539973677556227 -0.0146253072457599 -0.0997082912056819 -0.138137637115943 0.399285161491978 -0.0256439639085446 0.405867280391198 -0.129297765867314 -0.139618479261825 0.354118555335279 -0.149135997105761 -0.141950835114742 -0.013556192878963 0.3734893381199 -0.011116019964046 0.403565233456757 -0.0815298863801749 -0.0275875719052511 -0.142717784044646 -0.0388075737971073 -0.147082363652184 -0.021877597549652 0.372939596137966 -0.0674156994459923 -0.129444842999707 0.122066200722107 -0.0640800966347673 -0.144458871894996 -0.0510473491283657 -0.0680269616128689 0.399285161491978
0.218938588996642 0.169190153308662 -0.0544231692296191 -0.054635721235034 -0.0477881195885458 -0.0544231692296191 0.219401926069443 0.219272586941926 0.999999999999969 -0.0537841151395434 0.21788789104495 -0.0803020340406718 -0.054635721235034 0.218109958661352 0.0102663162839759 -0.080370369522613 -0.0270834846991596 -0.0167076886406005 -0.0539973677556227 0.999999999999969 -0.0752123782224546 0.215236552350127 -0.139246266804479 -0.0171758627936896 -0.0941842677348705 -0.00821057451430408 -0.0798401802868426 0.201864108600871 -0.0217109962008828 -0.075144165371673 -0.140159498025352 -0.0281597354116419 -0.0777913177569643 -0.0298983097150481 -0.00769053800484094 -0.0413849695374444 -0.0941842677348705 0.202159131467389 -0.00771643194085118 0.197000775388999 -0.0921683928285865 -0.077979714557349 -0.0205597893326678 -0.0798601908787999 -0.0438734169812858 -0.0392570968211932 0.20081047999294 0.98347649155375 -0.0208696689310785 -0.0171758627936896
-0.366714499580202 -0.367287305599107 -0.0182503077382392 -0.0170171950040696 -0.16946123409458 -0.0162211429908255 -0.365907328104722 -0.366197286379564 -0.0752123782224546 -0.01382550812075 -0.366029273902345 -0.270428583896274 -0.0170171950040696 -0.366115299140464 0.235571817592548 -0.269158228945252 -0.078598552022503 -0.0261502566790246 -0.0146253072457599 -0.0752123782224546 0.999999999999997 -0.371075718511978 0.5975822044306 -0.0232600062275343 0.876559223139633 0.25810214645419 0.666792088728072 -0.407006827749345 -0.0649198057255398 -0.207375903159523 0.594036798008111 -0.040206600622942 -0.238728382658141 -0.0418666121728264 0.256968544379369 0.398637843051379 0.872169820973676 -0.406779392236761 -0.0573487850244463 -0.411377750203191 0.877873737348274 -0.235999662070373 -0.106946164401489 0.662555893125891 0.496896810084038 -0.107718066494719 -0.405218587623441 -0.0789837702812461 -0.10506154463067 -0.0232600062275343
0.829253396665804 0.718634708247061 -0.102140129544768 -0.101645284005815 -0.259377924632819 -0.102140129544768 0.830331934630255 0.834414898878102 0.215236552350127 -0.100203377062158 0.837719907800755 -0.332089872860217 -0.101645284005815 0.836792631812768 -0.112800482392539 -0.335006679428204 0.148474276274269 0.163169988961102 -0.0997082912056819 0.215236552350127 -0.371075718511978 1 -0.634822043108875 0.163073788788016 -0.415311893313068 -0.101695026189887 -0.317015141870301 0.907198321729288 -0.100913655001068 -0.358629985091425 -0.643874945683987 -0.0719741558414091 -0.353584823276574 0.131420028793941 -0.103239313146687 -0.189957267490835 -0.414079243136729 0.906493843974934 0.110693570608398 0.894466378165821 -0.40585288156499 -0.354548881812737 0.292370039405833 -0.317341084371662 -0.230634510254865 -0.129096975858065 0.90307378781249 0.214516169676641 0.292352486002074 0.163073788788016
-0.561790643738631 -0.627563423919617 -0.130476749771638 -0.130018734049216 -0.245732601033413 -0.130476749771638 -0.563667562536124 -0.568511185354736 -0.139246266804479 -0.136917253667537 -0.571465680019155 0.35770612974469 -0.13170015935683 -0.570572129661332 0.160397593194874 0.361081406488332 -0.115830842199136 -0.0789152321816529 -0.138137637115943 -0.139246266804479 0.5975822044306 -0.634822043108875 0.999999999999993 -0.0776294016821943 0.663489639206295 0.155020964474234 0.499506581554004 -0.69651699470069 -0.116099000157619 0.542194383275682 0.98487237440401 0.10830682118061 -0.362992318599824 -0.0895922665203717 0.155182264197018 0.323259222371268 0.65984954854071 -0.696163123081196 -0.0876287624438709 -0.70555432983243 0.647977709463037 -0.361222259665438 -0.175585090736109 0.500015940736208 0.378502600736706 0.214227036252745 -0.696603107531047 -0.141804670351277 -0.174748829047674 -0.0776294016821943
-0.124562336924212 0.122014789056762 0.404222977402711 0.403681103558148 -0.0710523264370364 0.398206053311038 -0.124358963557762 -0.124052821041476 -0.0171758627936896 0.399827213517939 -0.124662801548403 -0.0690780944999024 0.397668978908204 -0.124323535572923 -0.0303163858090314 -0.0691363419614316 -0.0200739137805228 0.97971722813711 0.399285161491978 -0.0171758627936896 -0.0232600062275343 0.163073788788016 -0.0776294016821943 0.999999999999965 -0.029243776477159 -0.0117637609349695 -0.0261058320175756 0.145761617389125 -0.0391464472461903 -0.0682034954704867 -0.0812674490011331 -0.0241419402606873 -0.085309265867331 -0.0256324569987904 -0.0113468752895494 -0.00363684771867722 -0.029243776477159 0.142265313331529 -0.0233634644792363 0.137929715359083 -0.027090283294194 -0.0854656241716668 -0.0464927979456696 -0.0262325431740821 -0.00551507451101541 -0.0293446378480057 0.14117013859228 -0.0182471739447759 -0.0467007685405916 0.999999999999965
-0.383014183037862 -0.391083736922576 -0.0292839840288881 -0.0281912970499796 -0.181265724523359 -0.0273434907528369 -0.382139579906407 -0.382312558141688 -0.0941842677348705 -0.0247922271609063 -0.383695791825928 -0.234784337732832 -0.0281912970499796 -0.382404068984642 0.222732926880037 -0.233673211800028 -0.0809067468286453 -0.0318357026904762 -0.0256439639085446 -0.0941842677348705 0.876559223139633 -0.415311893313068 0.663489639206295 -0.029243776477159 0.999999999999996 0.242913643925741 0.746106862837447 -0.457700241874314 -0.0707681024815266 -0.261089028247102 0.660042914513493 -0.0490086157688628 -0.255823364240987 -0.0512479960281958 0.242019482184145 0.496425929887816 0.997201605438956 -0.457469384670069 -0.0650612295930693 -0.463397852307408 0.981068036477126 -0.25487537899395 -0.108521136840457 0.745123021635884 0.583361622063457 -0.111682746489462 -0.456198813251011 -0.0980386056422002 -0.106837986800795 -0.029243776477159
-0.101638672142081 0.150946613643448 0.398790990332565 0.404188484282265 -0.0469206543632057 0.40474638346508 -0.101401102622661 -0.101115632179772 -0.00821057451430408 0.406430296918863 -0.101827741605203 -0.0846474794450588 0.404188484282265 -0.101479499121709 -0.0160307955534976 -0.0846944412971641 -0.0371677316487218 -0.0113085916066621 0.405867280391198 -0.00821057451430408 0.25810214645419 -0.101695026189887 0.155020964474234 -0.0117637609349695 0.242913643925741 1.00000000000003 -0.0608804338873399 -0.118056022482775 -0.0160395746210114 -0.0725909698127924 0.151726327733328 -0.00540093758237503 -0.0408819047317313 -0.0274555641476044 0.993392201879694 -0.05340714357557 0.238619493578361 -0.117989807487332 -0.0250251896550625 -0.118195861461522 0.243154998707323 -0.0410633747559154 -0.0429677839962057 -0.0609309875328191 0.431904834481595 -0.0330626691826417 -0.118631247343471 -0.00951062067872483 -0.0432042013249077 -0.0117637609349695
-0.291604863579953 -0.366315051219899 -0.130391250902265 -0.130937069960798 -0.122803760299148 -0.130391250902265 -0.290954660515696 -0.290151269149657 -0.0798401802868426 -0.128750091628382 -0.292100372082133 -0.155271540997805 -0.130937069960798 -0.2896129322972 0.279207602522363 -0.153795558689021 -0.0505435176771678 -0.03017654105765 -0.129297765867314 -0.0798401802868426 0.666792088728072 -0.317015141870301 0.499506581554004 -0.0261058320175756 0.746106862837447 -0.0608804338873399 0.999999999999989 -0.350715747070851 -0.0536684562921025 -0.186710846276139 0.502546064789258 -0.0468951931233549 -0.187520736150169 -0.0217422339202417 -0.05980552985801 -0.0878772269628747 0.746106862837447 -0.350549104623946 -0.0437962019621134 -0.356803989274246 0.724658053956975 -0.18604578296049 -0.0915833742450703 0.996837410466355 -0.0978198139549724 -0.0707212185687595 -0.350797661986015 -0.082578697985177 -0.0890215135005228 -0.0261058320175756
0.7521998255099 0.619279532569855 -0.142222917218895 -0.141856205065511 -0.279900699941659 -0.142222917218895 0.753408517128998 0.757562531475363 0.201864108600871 -0.139985120691084 0.761379356452967 -0.167025457677146 -0.141856205065511 0.759630832974622 -0.126145638374811 -0.170206017890072 0.137331518636206 0.146109295499112 -0.139618479261825 0.201864108600871 -0.407006827749345 0.907198321729288 -0.69651699470069 0.145761617389125 -0.457700241874314 -0.118056022482775 -0.350715747070851 0.99999999999997 -0.11068911197838 -0.393896805573433 -0.711031123404598 -0.0809772425875268 -0.387792616737013 0.121490891244925 -0.11934381327761 -0.206688247392552 -0.457700241874314 0.999483497425056 0.103837627099325 0.984738036699909 -0.449695529965673 -0.388844136595505 0.262736823843716 -0.351059114196238 -0.255039127775607 -0.148569741777255 0.995363539120742 0.200374686856334 0.262558964176112 0.145761617389125
-0.0593167180214164 0.156013653415764 0.347221355853892 0.346704733305908 -0.0557040730357424 0.347221355853892 -0.05904697954222 -0.0588150943473981 -0.0217109962008828 0.354644475357863 -0.0596230720179611 -0.0932543449432706 0.35255007468648 -0.0555642367245189 0.0153433455332647 -0.093292169168008 -0.0378964752751704 -0.0388533461613572 0.354118555335279 -0.0217109962008828 -0.0649198057255398 -0.100913655001068 -0.116099000157619 -0.0391464472461903 -0.0707681024815266 -0.0160395746210114 -0.0536684562921025 -0.11068911197838 1.00000000000003 -0.0714298640958518 -0.120151388182749 -0.0263660497302924 0.304956878321908 -0.0279938823740766 -0.0156038437596351 -0.0336276762118584 -0.0707681024815266 -0.110615067114085 0.0159733406203673 -0.114606777877005 -0.0687368257691809 0.304675805905822 -0.0447251838067468 -0.0537417494791529 -0.040670870833904 -0.0247053902086608 -0.111288133185606 -0.0228367886437617 -0.0449644078504359 -0.0391464472461903
-0.301483719412808 -0.376859048361492 -0.135101179951604 -0.135739838429564 -0.115820490203322 -0.137285445293898 -0.304903788807235 -0.310990269119978 -0.075144165371673 -0.14850740981062 -0.313270335954349 0.728700324179773 -0.137922361477279 -0.313560080130536 -0.0488461611264321 0.731829053812541 -0.0649347272572158 -0.0669523257487952 -0.149135997105761 -0.075144165371673 -0.207375903159523 -0.358629985091425 0.542194383275682 -0.0682034954704867 -0.261089028247102 -0.0725909698127924 -0.186710846276139 -0.393896805573433 -0.0714298640958518 0.999999999999969 0.537335146157895 0.195509531958686 -0.182660555481604 -0.0659430001371989 -0.0713725866877262 -0.139892548761516 -0.262663997954336 -0.393699352036565 -0.040741754772521 -0.399241280491475 -0.25986238228447 -0.181432001473208 -0.106385638434211 -0.184956488976506 -0.166172953535187 0.403292407498343 -0.395698916099515 -0.074133475426924 -0.107196488050411 -0.0682034954704867
-0.570699344856178 -0.638816287905229 -0.134307203269997 -0.133866308252972 -0.211481491406052 -0.134307203269997 -0.572558704686187 -0.577391150267802 -0.140159498025352 -0.140709020174168 -0.58041995114333 0.35056000997739 -0.135551984686007 -0.579493697466005 0.157892133648814 0.353940279898551 -0.119455575468824 -0.0825307608346444 -0.141950835114742 -0.140159498025352 0.594036798008111 -0.643874945683987 0.98487237440401 -0.0812674490011331 0.660042914513493 0.151726327733328 0.502546064789258 -0.711031123404598 -0.120151388182749 0.537335146157895 0.999999999999972 0.106262533785794 -0.335782511242663 -0.092280019540226 0.151912395406141 0.317313214636956 0.657610051940969 -0.710671885305383 -0.0841113654759262 -0.72042934041366 0.645905896035727 -0.334033053647065 -0.179763576191435 0.503033462596247 0.371436237706037 0.210026004959101 -0.711166213830608 -0.139441845731608 -0.17894662806868 -0.0812674490011331
-0.0589028292120996 -0.0673545948672918 -0.0138303038364131 -0.0139670716980018 -0.0413272009812191 -0.0138303038364131 -0.0587503367407028 -0.0644777542654183 -0.0281597354116419 -0.0134188473506502 -0.0649238710381424 0.161028226252143 -0.0139670716980018 -0.0647044685219307 -0.0204187963943897 0.16068849088279 -0.0233710721289742 -0.0239611823789856 -0.013556192878963 -0.0281597354116419 -0.040206600622942 -0.0719741558414091 0.10830682118061 -0.0241419402606873 -0.0490086157688628 -0.00540093758237503 -0.0468951931233549 -0.0809772425875268 -0.0263660497302924 0.195509531958686 0.106262533785794 0.999999999999984 -0.0309830862631008 -0.0172640605593003 -0.00510469909859751 -0.0132285615101941 -0.0490086157688628 -0.080940156094106 0.0170471609934071 -0.0833663226979165 -0.0478002105623063 -0.0310957326444461 -0.00436593283353341 -0.0469046949594192 -0.0163080217343274 -0.0178655106719775 -0.0813302247848474 -0.0286328505597053 -0.00455986735477942 -0.0241419402606873
-0.240354033411393 -0.00585210292098597 0.366949314707084 0.365892751655664 0.684168701637949 0.366949314707084 -0.23952614184573 -0.238718552274853 -0.0777913177569643 0.372345168866287 -0.239793529416317 -0.235482884594466 0.368097263503301 -0.238705374706266 -0.0324353530541363 -0.235692839632815 -0.024253964512794 -0.0841265515108422 0.3734893381199 -0.0777913177569643 -0.238728382658141 -0.353584823276574 -0.362992318599824 -0.085309265867331 -0.255823364240987 -0.0408819047317313 -0.187520736150169 -0.387792616737013 0.304956878321908 -0.182660555481604 -0.335782511242663 -0.0309830862631008 0.999999999999994 -0.0320018667763799 -0.0443425612630124 -0.147207683666144 -0.255823364240987 -0.38758022241667 -0.0187375628496983 -0.394748379840485 -0.251202950630149 0.99909637828845 -0.116363795327227 -0.187711745784202 -0.157316150381782 -0.0763676808849501 -0.389656626651223 -0.0723535096618112 -0.117178615583256 -0.085309265867331
0.134585526836663 0.117360436635049 -0.011412306204722 -0.0115601279118682 -0.0371323086275153 -0.011412306204722 0.134869810906861 0.134790036050997 -0.0298983097150481 -0.0109675527335208 0.133940447622648 -0.0738080910685728 -0.0115601279118682 0.134076420558834 -0.0216794472562971 -0.0738144026621598 0.696276477102389 -0.00581049351534415 -0.011116019964046 -0.0298983097150481 -0.0418666121728264 0.131420028793941 -0.0895922665203717 -0.0256324569987904 -0.0512479960281958 -0.0274555641476044 -0.0217422339202417 0.121490891244925 -0.0279938823740766 -0.0659430001371989 -0.092280019540226 -0.0172640605593003 -0.0320018667763799 1.00000000000002 -0.0272741433224381 -0.039606639423267 -0.0512479960281958 0.121670233191683 -0.0167073673983611 0.118514108362803 -0.049958491150123 -0.0321217156461756 -0.00912723269881046 -0.0218248929643203 -0.0503225328654021 -0.0353206968400708 0.120847868098033 -0.0304006348619617 -0.00932416296461648 -0.0256324569987904
-0.10334069007625 0.148020264757646 0.396459246699194 0.401896619281039 -0.0459850461209751 0.402451134476892 -0.103106163933856 -0.102819409841759 -0.00769053800484094 0.404124835914284 -0.103522426672922 -0.0831576337601455 0.401896619281039 -0.10317535359366 -0.0157154673283698 -0.0832056325281278 -0.0369221347813963 -0.0108925777772949 0.403565233456757 -0.00769053800484094 0.256968544379369 -0.103239313146687 0.155182264197018 -0.0113468752895494 0.242019482184145 0.993392201879694 -0.05980552985801 -0.11934381327761 -0.0156038437596351 -0.0713725866877262 0.151912395406141 -0.00510469909859751 -0.0443425612630124 -0.0272741433224381 0.999999999999956 -0.0527735593899851 0.242019482184145 -0.119279430890546 -0.0248598282538981 -0.119431443049637 0.24656610912816 -0.0445217984708959 -0.0505973623749848 -0.0598574897523814 0.435691422309364 -0.0325914868867323 -0.119912563475375 -0.00898896831620855 -0.05081640068264 -0.0113468752895494
-0.171058757393453 -0.217116625108277 -0.0822623549935745 -0.0826279556018226 -0.114586083749084 -0.0822623549935744 -0.170613354504523 -0.172228908216983 -0.0413849695374444 -0.0811630127430763 -0.171445102447388 -0.138400859785507 -0.0826279556018226 -0.172927337880786 0.00458257798624589 -0.138511470798032 -0.043978610860147 -0.0026887967530868 -0.0815298863801749 -0.0413849695374444 0.398637843051379 -0.189957267490835 0.323259222371268 -0.00363684771867722 0.496425929887816 -0.05340714357557 -0.0878772269628747 -0.206688247392552 -0.0336276762118584 -0.139892548761516 0.317313214636956 -0.0132285615101941 -0.147207683666144 -0.039606639423267 -0.0527735593899851 1.00000000000002 0.496425929887816 -0.206560095769014 -0.0341386564755481 -0.207563391838651 0.497990658897188 -0.147520597716247 -0.0235618213754801 -0.0880315827661146 0.851272788487025 -0.0694066175127299 -0.205701984981948 -0.0433758586861291 -0.0241060074670683 -0.00363684771867722
-0.383014183037862 -0.392258746535229 -0.0312244773049393 -0.0301302424779504 -0.177264538630077 -0.0292839840288881 -0.382139579906408 -0.382312558141688 -0.0941842677348705 -0.0267374020980141 -0.383695791825928 -0.233383948617392 -0.0301302424779504 -0.382404068984642 0.222732926880037 -0.232274850220183 -0.0809067468286453 -0.0318357026904762 -0.0275875719052511 -0.0941842677348705 0.872169820973676 -0.414079243136729 0.65984954854071 -0.029243776477159 0.997201605438956 0.238619493578361 0.746106862837447 -0.457700241874314 -0.0707681024815266 -0.262663997954336 0.657610051940969 -0.0490086157688628 -0.255823364240987 -0.0512479960281958 0.242019482184145 0.496425929887816 0.999999999999996 -0.457469384670069 -0.0650612295930693 -0.463397852307408 0.983889536589942 -0.256465775658062 -0.108521136840457 0.74683942433108 0.585459079428639 -0.111682746489462 -0.456198813251011 -0.0980386056422001 -0.106837986800795 -0.029243776477159
0.753472495137828 0.618624757134091 -0.145317494540648 -0.144947309434808 -0.279748899148249 -0.145317494540648 0.754681410824807 0.758836674627368 0.202159131467389 -0.14308793190777 0.76265785227125 -0.166578772538775 -0.144947309434808 0.760906721061565 -0.126115567094829 -0.169761687108174 0.137555994427247 0.142588711230149 -0.142717784044646 0.202159131467389 -0.406779392236761 0.906493843974934 -0.696163123081196 0.142265313331529 -0.457469384670069 -0.117989807487332 -0.350549104623946 0.999483497425056 -0.110615067114085 -0.393699352036565 -0.710671885305383 -0.080940156094106 -0.38758022241667 0.121670233191683 -0.119279430890546 -0.206560095769014 -0.457469384670069 0.999999999999997 0.10399643940892 0.98525999321253 -0.450677059751222 -0.388631899193637 0.263153468148878 -0.350893008751122 -0.256697405910628 -0.148482328291384 0.995880670386123 0.200671373549013 0.262976153140559 0.142265313331529
0.118608645542383 0.0915620366471637 -0.0390316788188973 -0.0391435787097034 -0.0190872008911867 -0.0390316788188973 0.118865242156087 0.118797955577989 -0.00771643194085118 -0.0386953672085688 0.130189834930298 -0.0477613917127117 -0.0391435787097034 0.130309896822774 0.00658679210146018 -0.0477953965203686 -0.0226174535944866 -0.0231885352770722 -0.0388075737971073 -0.00771643194085118 -0.0573487850244463 0.110693570608398 -0.0876287624438709 -0.0233634644792363 -0.0650612295930693 -0.0250251896550625 -0.0437962019621134 0.103837627099325 0.0159733406203673 -0.040741754772521 -0.0841113654759262 0.0170471609934071 -0.0187375628496983 -0.0167073673983611 -0.0248598282538981 -0.0341386564755481 -0.0650612295930693 0.10399643940892 0.999999999999956 0.101138987784074 -0.064037380512771 -0.018849692936274 -0.0279711474539496 -0.0438095030550393 -0.0441487784838373 -0.0162957782647141 0.103260444510126 -0.00846681056728317 -0.0281113669522923 -0.0233634644792363
0.740928372807813 0.627761449139479 -0.149715432228733 -0.149366558728748 -0.275093396860967 -0.149715432228733 0.742158269249179 0.746331219631936 0.197000775388999 -0.147431130854428 0.750068702766443 -0.176285226070259 -0.149366558728748 0.74835819074834 -0.129093845440543 -0.179461905910271 0.137404168884551 0.138281694727023 -0.147082363652184 0.197000775388999 -0.411377750203191 0.894466378165821 -0.70555432983243 0.137929715359083 -0.463397852307408 -0.118195861461522 -0.356803989274246 0.984738036699909 -0.114606777877005 -0.399241280491475 -0.72042934041366 -0.0833663226979165 -0.394748379840485 0.118514108362803 -0.119431443049637 -0.207563391838651 -0.463397852307408 0.98525999321253 0.101138987784074 0.999999999999985 -0.45642089246162 -0.395814606655283 0.262348400688514 -0.357149556124789 -0.25796573527151 -0.15349386972432 0.987264600614115 0.195440000546313 0.262138662438927 0.137929715359083
-0.375217836720577 -0.381189164830778 -0.0255246996442711 -0.0244115199823555 -0.172737341258263 -0.0235681842645171 -0.374347964221711 -0.374546346255834 -0.0921683928285865 -0.0210303303677874 -0.375905116996038 -0.231120967054667 -0.0244115199823555 -0.374626653838454 0.226597573665756 -0.229998203230179 -0.0792562925313026 -0.0297215420167564 -0.021877597549652 -0.0921683928285865 0.877873737348274 -0.40585288156499 0.647977709463037 -0.027090283294194 0.981068036477126 0.243154998707323 0.724658053956975 -0.449695529965673 -0.0687368257691809 -0.25986238228447 0.645905896035727 -0.0478002105623063 -0.251202950630149 -0.049958491150123 0.24656610912816 0.497990658897188 0.983889536589942 -0.450677059751222 -0.064037380512771 -0.45642089246162 0.999999999999995 -0.251840505231093 -0.110578848748185 0.725481077896283 0.589531730155283 -0.11256413654003 -0.449362296013636 -0.0960076205127563 -0.108859375003472 -0.027090283294194
-0.24129888398715 -0.00710391757200721 0.366399894271747 0.365342879164 0.683528891074397 0.366399894271748 -0.240470440147059 -0.239661021584419 -0.077979714557349 0.371796489618045 -0.240738050618517 -0.236157007392598 0.367546780203168 -0.239648309737809 -0.0325786025872412 -0.236366628496358 -0.024421492167481 -0.0842818898352936 0.372939596137966 -0.077979714557349 -0.235999662070373 -0.354548881812737 -0.361222259665438 -0.0854656241716668 -0.25487537899395 -0.0410633747559154 -0.18604578296049 -0.388844136595505 0.304675805905822 -0.181432001473208 -0.334033053647065 -0.0310957326444461 0.99909637828845 -0.0321217156461756 -0.0445217984708959 -0.147520597716247 -0.256465775658062 -0.388631899193637 -0.018849692936274 -0.395814606655283 -0.251840505231093 1.00000000000002 -0.116647981094158 -0.188192344919611 -0.15769215942497 -0.0765945489835207 -0.390709543890756 -0.0725469405320116 -0.117463454117798 -0.0854656241716668
