1.00000000000001 0.755384349208224 -0.224548721597112 -0.183868117788756 -0.25602474799388 -0.221530768430112 0.980647385506664 0.983042036696168 0.133508434946161 -0.216472701109862 0.983042036696168 -0.380225510044267 -0.228625950290303 0.980491816231188 -0.111388694245021 -0.380225510044267 0.139439495433267 -0.139417753794497 -0.220761542324258 0.155471233599403 -0.266387174148985 0.753742373864379 -0.434303976869838 -0.131390093460616 -0.299472388926061 -0.107955968563661 -0.195101367795716 0.647014204733347 -0.0974793301285567 -0.227495083275447 -0.434049527075427 -0.0391041473675145 -0.251668373629984 0.08975500728846 -0.107955968563661 -0.113179249386452 -0.300461047741235 0.645896073551274 0.173656918950351 0.581859266753472 -0.261859554665427 -0.251668373629984 0.347961899485562 -0.195101367795716 -0.210787503308573 -0.0534622717063125 0.588528678921978 0.155471233599403 0.348128629277876 -0.124042040778362
0.755384349208224 0.999999999999994 0.324580595875856 0.310797200493729 -0.336258584083152 0.309910226681375 0.770513152761732 0.769473588732892 0.0836963134403891 0.325569402163903 0.769473588732892 -0.489340448289605 0.330534241084221 0.767679771977877 -0.105689505293337 -0.489340448289605 0.151602971761876 0.120998241813543 0.323236120376521 0.100871984908838 -0.300818106968269 0.623328702580201 -0.506411853067161 0.0889381906781316 -0.315135947669867 0.0818163006487291 -0.268018485558715 0.511875444531052 0.098135610949641 -0.301538304578679 -0.509883991148464 -0.073086708700448 -0.0998223603351137 0.0970737099872719 0.0818163006487291 -0.171514398183216 -0.318812613185502 0.508215363596071 0.127987152728266 0.535382337811269 -0.28973554528878 -0.0998223603351137 0.268687789424554 -0.268018485558715 -0.157066397160666 -0.0913917218909099 0.521882511208523 0.100871984908838 0.266644229280904 0.101488354660391
-0.224548721597112 0.324580595875856 1.00000000000001 0.844415345195811 -0.103730659215788 0.967733593731587 -0.234053858770655 -0.232458358721353 -0.0389654831137873 0.986965290314526 -0.232458358721353 -0.130271881451503 0.980910758252503 -0.23200543629373 -0.00559725171800255 -0.130271881451503 -0.0202183259331854 0.450529881377433 0.980910758252503 -0.0432759496588307 0.0073452536152365 -0.172285060021791 -0.062220163941751 0.371288841175834 -0.0118102067990901 0.355157248088602 -0.0765860819901111 -0.175005069745701 0.368030920551103 -0.0657064948594461 -0.0650555465935449 -0.0343643691897316 0.338483785670633 0.00318351553818761 0.355157248088602 -0.0506651617368904 -0.0152331317684272 -0.180109016392824 -0.0294134203175431 -0.193406135938672 0.0296413734129033 0.338483785670633 -0.101335138639157 -0.0765860819901111 0.0654132470267808 -0.0343283500570197 -0.194675872033595 -0.0432759496588307 -0.103587362513349 0.405296257639779
-0.183868117788756 0.310797200493729 0.844415345195811 1 -0.0725497576042971 0.815321850377784 -0.173135160916505 -0.171342651334729 -0.0243354205641098 0.8335405000287 -0.171342651334729 -0.142729476131937 0.860676569813165 -0.170390087531434 0.0056010094949141 -0.142729476131937 -0.0210883664694982 0.382372534669011 0.849140348062815 -0.0301560773053399 0.0146309715673469 -0.12447389801687 -0.0592466055124505 0.346357726182995 -0.00112210028972238 0.297723095066012 -0.054972448087727 -0.134083114059209 0.308514905260027 -0.0915675598849025 -0.0719863563656266 -0.0493013227155879 0.291763254135783 -0.0195447016555013 0.297723095066012 -0.055770333881402 -0.00512492232158377 -0.138439433435956 0.0541840928924509 -0.14839259796597 0.023638103000925 0.291763254135783 -0.0525098755642188 -0.054972448087727 0.0557073658484398 -0.0546105390605605 -0.147680274887363 -0.0301560773053399 -0.0559480122407064 0.3755753700565
-0.25602474799388 -0.336258584083152 -0.103730659215788 -0.0725497576042971 0.999999999999995 -0.0969142926140304 -0.266443209752146 -0.264694131678809 -0.0789732759495395 -0.0994320029131333 -0.264694131678809 -0.15281489865622 -0.0977974825039592 -0.264246321762373 -0.0470960421678245 -0.15281489865622 -0.0325055760163558 -0.0892290170484173 -0.0977974825039592 -0.082288868451364 -0.108513581985697 -0.319327365369683 -0.21662014595191 -0.0680243673741936 -0.118289851727712 -0.0559118657805556 -0.0646980796019093 -0.333013637192716 -0.0027683948074531 -0.156269185479565 -0.188609382698028 -0.00901184419701799 0.751334762003915 -0.00840820611884643 -0.0559118657805556 -0.0689975733938652 -0.103686330871348 -0.336681873800647 -0.0719337884448249 -0.350711811176239 -0.103828646330849 0.751334762003915 -0.0568453620220134 -0.0646980796019093 -0.0971226813198264 -0.0711673402333695 -0.344444216424711 -0.082288868451364 -0.0599750018713441 -0.0712411956740861
-0.221530768430112 0.309910226681375 0.967733593731587 0.815321850377784 -0.0969142926140304 0.999999999999997 -0.231048467294286 -0.229450949240325 -0.0369552950197883 0.966695930096561 -0.229450949240325 -0.118051542947911 0.949016207075001 -0.228981144610409 -0.00137721596347034 -0.118051542947911 -0.0425888254436539 0.400427641119809 0.949016207075001 -0.0413584913988351 0.0145912049856275 -0.168243697776417 -0.0534797220117941 0.330285565371494 -0.0128109678751101 0.350635597137989 -0.0687996767170204 -0.190424703789104 0.397553832277745 -0.0536435974072925 -0.0644250345904218 -0.0322497507956845 0.346747294213275 -0.0222296472886048 0.350635597137989 -0.0444424116001318 -0.016241962599219 -0.187884783305438 -0.0271798421129058 -0.207479789729196 0.0386276071167789 0.346747294213275 -0.10036409104402 -0.0687996767170204 0.0572857344788711 -0.0309417131487417 -0.209260169592609 -0.0413584913988351 -0.102638126360314 0.367908346173935
0.980647385506664 0.770513152761732 -0.234053858770655 -0.173135160916505 -0.266443209752146 -0.231048467294286 0.999999999999998 0.997554297364224 0.130838472026644 -0.225812929829712 0.997554297364224 -0.380187108285166 -0.222559067175378 0.995104355502638 -0.114979263296143 -0.380187108285166 0.182649057504223 -0.143525594682288 -0.238347010155783 0.15275066649233 -0.279547470500669 0.767281362037483 -0.451758805475118 -0.136344573120514 -0.314494569947569 -0.111795360377794 -0.204718971773464 0.666074488793562 -0.101403797985117 -0.233457789969928 -0.451826888379435 -0.0422846068209982 -0.26483771297563 0.122052031714286 -0.111795360377794 -0.120222457625845 -0.315617993606722 0.664909479160639 0.17142061071251 0.607501665891899 -0.274975183259101 -0.26483771297563 0.356060723805022 -0.204718971773464 -0.221166768497324 -0.0575739264384198 0.614555754233923 0.15275066649233 0.355989247909866 -0.129068864631453
0.983042036696168 0.769473588732892 -0.232458358721353 -0.171342651334729 -0.264694131678809 -0.229450949240325 0.997554297364224 1.00000000000001 0.131281272263769 -0.224245224957722 1.00000000000001 -0.377539546219719 -0.220937667460897 0.99755434744995 -0.114375836801233 -0.377539546219719 0.183235623957954 -0.142834908788769 -0.236715294024564 0.153201328291226 -0.27733964388086 0.765771071418278 -0.448003098664156 -0.13551253906065 -0.311974511473339 -0.111150421713114 -0.203105470518715 0.665198530276939 -0.100744919875949 -0.231416291608292 -0.448026752230015 -0.0417517300610542 -0.262628776384504 0.122585012054224 -0.111150421713114 -0.119041662281359 -0.313075373931398 0.664027042423245 0.171789802172187 0.602445865142842 -0.272774949283418 -0.262628776384504 0.356712105636394 -0.203105470518715 -0.219425480413588 -0.0568849511364564 0.609433287590806 0.153201328291226 0.356655331113164 -0.128224934561699
0.133508434946161 0.0836963134403891 -0.0389654831137873 -0.0243354205641098 -0.0789732759495395 -0.0369552950197883 0.130838472026644 0.131281272263769 1.00000000000001 -0.0375589363978006 0.131281272263769 0.0343507129895174 -0.0410452307937876 0.132374220268081 -0.0264900662251657 0.0343507129895174 -0.0353964480940777 -0.0299301572892749 -0.0410452307937876 0.959707885595909 -0.0754875673781117 0.108818378856413 -0.00800856698605633 -0.0372530048414539 -0.0671747701322177 -0.0286759139778725 -0.0741974985263821 0.099947284207517 -0.029715353060422 0.0614651249584266 -0.0121385105427504 -0.0253343600354755 -0.102084371705214 -0.0307240414850153 -0.0286759139778725 0.030397969640198 -0.0683388338785526 0.0998306810067199 -0.0241288055588327 0.0827354939713923 -0.0506579230285141 -0.102084371705214 0.00619292273837329 -0.0741974985263821 -0.0167485309082827 0.107961391535803 0.0854136295495105 0.959707885595909 0.00482819055633372 -0.0380878899350709
-0.216472701109862 0.325569402163903 0.986965290314526 0.8335405000287 -0.0994320029131333 0.966695930096561 -0.225812929829712 -0.224245224957722 -0.0375589363978006 0.99999999999999 -0.224245224957722 -0.132179798666613 0.968142295121263 -0.22377962490802 -0.00390786621480001 -0.132179798666613 -0.0180689231903086 0.456311083119778 0.968142295121263 -0.0418330211313231 0.0038139879201684 -0.161791268031655 -0.067648345782916 0.376878497703083 -0.0235311402732001 0.328823968734012 -0.0723704657260413 -0.177937384423184 0.37309875351742 -0.0600533089670671 -0.0782197098000801 -0.0329945963360845 0.348046065779423 0.00522493127051982 0.328823968734012 -0.0474708828005107 -0.0268839413539981 -0.175499332256769 -0.0280807243423937 -0.195524141594735 0.0265712197983789 0.348046065779423 -0.0992876865476156 -0.0723704657260413 0.046308635095815 -0.0324779254123596 -0.196966020634188 -0.0418330211313231 -0.10151082203889 0.411228910372648
0.983042036696168 0.769473588732892 -0.232458358721353 -0.171342651334729 -0.264694131678809 -0.229450949240325 0.997554297364224 1.00000000000001 0.131281272263769 -0.224245224957722 1.00000000000001 -0.377539546219719 -0.220937667460897 0.99755434744995 -0.114375836801233 -0.377539546219719 0.183235623957954 -0.142834908788769 -0.236715294024564 0.153201328291226 -0.27733964388086 0.765771071418278 -0.448003098664156 -0.13551253906065 -0.311974511473339 -0.111150421713114 -0.203105470518715 0.665198530276939 -0.100744919875949 -0.231416291608292 -0.448026752230015 -0.0417517300610542 -0.262628776384504 0.122585012054224 -0.111150421713114 -0.119041662281359 -0.313075373931398 0.664027042423245 0.171789802172187 0.602445865142842 -0.272774949283418 -0.262628776384504 0.356712105636394 -0.203105470518715 -0.219425480413588 -0.0568849511364564 0.609433287590806 0.153201328291226 0.356655331113164 -0.128224934561699
-0.380225510044267 -0.489340448289605 -0.130271881451503 -0.142729476131937 -0.15281489865622 -0.118051542947911 -0.380187108285166 -0.377539546219719 0.0343507129895174 -0.132179798666613 -0.377539546219719 1.00000000000001 -0.131768786838638 -0.376747459590692 -0.0319276336500077 1.00000000000001 -0.0595311992073536 0.0050397312671833 -0.140282401661477 0.0233973272775313 -0.191938022543826 -0.336717534650414 0.350131890059477 0.02469492354064 -0.236673309290306 -0.0277290850097396 -0.145051165430749 -0.105729661272522 -0.0556411128838456 0.692588241477876 0.332211413805361 0.138496664864355 -0.226303955744868 -0.0242187451216422 -0.0277290850097396 -0.0961144994836152 -0.23575344148763 -0.107807028422659 -0.0371310752658813 -0.151934477428589 -0.185349731676014 -0.226303955744868 -0.136066087431444 -0.145051165430749 -0.151011685269981 0.251184712570986 -0.146173282459335 0.0233973272775313 -0.127331047176789 0.0176246716135994
-0.228625950290303 0.330534241084221 0.980910758252503 0.860676569813165 -0.0977974825039592 0.949016207075001 -0.222559067175378 -0.220937667460897 -0.0410452307937876 0.968142295121263 -0.220937667460897 -0.131768786838638 0.99999999999999 -0.22040183814858 -0.00808144440499452 -0.131768786838638 -0.0233833363516099 0.442185710479717 0.961891493197827 -0.0454105955822039 -0.00252672095787145 -0.165323054296901 -0.0781827129446771 0.363199645847023 -0.022847991111674 0.348089889460729 -0.0828059449422371 -0.163255038889775 0.360707385650218 -0.0740350364061146 -0.0811981388762985 -0.0363885454567446 0.334381138591791 0.000184995836875723 0.348089889460729 -0.0553756480515301 -0.0263348682601401 -0.168308355805509 -0.0313814630519626 -0.175823858107691 0.019521400257708 0.334381138591791 -0.104377447226185 -0.0828059449422371 0.0569068767045034 -0.0370587668497657 -0.176799311054419 -0.0454105955822039 -0.106673164989623 0.39671443769311
0.980491816231188 0.767679771977877 -0.23200543629373 -0.170390087531434 -0.264246321762373 -0.228981144610409 0.995104355502638 0.99755434744995 0.132374220268081 -0.22377962490802 0.99755434744995 -0.376747459590692 -0.22040183814858 1 -0.114335248367825 -0.376747459590692 0.184729518943034 -0.142847334823556 -0.236247053785421 0.154410453451688 -0.27649389123598 0.763373349788753 -0.446446943736157 -0.135346930997505 -0.310986493719726 -0.111052236674907 -0.202489475639767 0.662927961206568 -0.100581340698319 -0.230510605049418 -0.446426123641576 -0.0414231775805101 -0.261709236714873 0.123725506982058 -0.111052236674907 -0.118444660126972 -0.312070151494156 0.661773002039005 0.173008990206016 0.600347861379774 -0.271914266818333 -0.261709236714873 0.346985632637242 -0.202489475639767 -0.218761857480675 -0.0564744933397882 0.607302894599205 0.154410453451688 0.34709472651676 -0.128011385903691
-0.111388694245021 -0.105689505293337 -0.00559725171800255 0.0056010094949141 -0.0470960421678245 -0.00137721596347034 -0.114979263296143 -0.114375836801233 -0.0264900662251657 -0.00390786621480001 -0.114375836801233 -0.0319276336500077 -0.00808144440499452 -0.114335248367825 1.00000000000001 -0.0319276336500077 -0.0353964480940777 0.0382929953553967 -0.00808144440499453 -0.0276022179485548 0.237222622651486 -0.124095527556622 0.157501817392442 0.0204891526627995 0.226123521994366 -0.0286759139778724 0.378073770581064 -0.114135780583707 -0.029715353060422 -0.0426561249711482 0.151467501120407 -0.0253343600354755 -0.0510421858526071 -0.0307240414850155 -0.0286759139778724 -0.0552690357094495 0.224541882743815 -0.112933457888852 -0.0241288055588327 -0.105852764345753 0.25328961514257 -0.0510421858526071 -0.0443282890746729 0.378073770581064 -0.0800661477566667 -0.0326605890360412 -0.12262956813894 -0.0276022179485548 -0.0450631118591169 0.0186777152566215
-0.380225510044267 -0.489340448289605 -0.130271881451503 -0.142729476131937 -0.15281489865622 -0.118051542947911 -0.380187108285166 -0.377539546219719 0.0343507129895174 -0.132179798666613 -0.377539546219719 1.00000000000001 -0.131768786838638 -0.376747459590692 -0.0319276336500077 1.00000000000001 -0.0595311992073536 0.0050397312671833 -0.140282401661477 0.0233973272775313 -0.191938022543826 -0.336717534650414 0.350131890059477 0.02469492354064 -0.236673309290306 -0.0277290850097396 -0.145051165430749 -0.105729661272522 -0.0556411128838456 0.692588241477876 0.332211413805361 0.138496664864355 -0.226303955744868 -0.0242187451216422 -0.0277290850097396 -0.0961144994836152 -0.23575344148763 -0.107807028422659 -0.0371310752658813 -0.151934477428589 -0.185349731676014 -0.226303955744868 -0.136066087431444 -0.145051165430749 -0.151011685269981 0.251184712570986 -0.146173282459335 0.0233973272775313 -0.127331047176789 0.0176246716135994
0.139439495433267 0.151602971761876 -0.0202183259331854 -0.0210883664694982 -0.0325055760163558 -0.0425888254436539 0.182649057504223 0.183235623957954 -0.0353964480940777 -0.0180689231903086 0.183235623957954 -0.0595311992073536 -0.0233833363516099 0.184729518943034 -0.0353964480940777 -0.0595311992073536 1.00000000000001 -0.0399931525248867 -0.0233833363516099 -0.0368825229273788 -0.0759957643811419 0.14169981081932 -0.105483007437066 -0.0497780579712659 -0.0804288101659976 -0.038317212650217 -0.0498106483901162 0.118690829878172 0.0189076798550317 -0.047060045131985 -0.109910938120113 -0.0338521750897126 -0.0194866803145111 0.811182129294994 -0.038317212650217 -0.00844015601738836 -0.0819975356952027 0.118626574501993 -0.0322412940109583 0.110552483825585 -0.0580199339995552 -0.0194866803145111 -0.0592321653707427 -0.0498106483901162 -0.0586393710050097 -0.0436415988812432 0.0996899794234333 -0.0368825229273788 -0.0602140472704262 -0.0508936447210133
-0.139417753794497 0.120998241813543 0.450529881377433 0.382372534669011 -0.0892290170484173 0.400427641119809 -0.143525594682288 -0.142834908788769 -0.0299301572892749 0.456311083119778 -0.142834908788769 0.0050397312671833 0.442185710479717 -0.142847334823556 0.0382929953553967 0.0050397312671833 -0.0399931525248867 1.00000000000001 0.442185710479717 -0.0311867368586748 -0.0731669233982612 0.0726397342229687 0.001951656025146 0.832902814673587 -0.0531560704686959 0.0309023939126023 -0.00653820145980323 0.0870567684807157 -0.0335742909604294 0.0590669509076508 -0.00284118567583663 -0.0286243671208552 -0.115341399147249 -0.0347139711313794 0.0309023939126023 -0.0624464626833918 -0.0545036821922755 0.087084403123943 -0.0272622551955769 0.0834525636195506 -0.0336685500342504 -0.115341399147249 -0.0500849130799444 -0.00653820145980323 -0.0652143093321543 0.0752511482760322 0.0713655871041089 -0.0311867368586748 -0.0509151624772553 0.817161359609938
-0.220761542324258 0.323236120376521 0.980910758252503 0.849140348062815 -0.0977974825039592 0.949016207075001 -0.238347010155783 -0.236715294024564 -0.0410452307937876 0.968142295121263 -0.236715294024564 -0.140282401661477 0.961891493197827 -0.236247053785421 -0.00808144440499453 -0.140282401661477 -0.0233833363516099 0.442185710479717 0.99999999999999 -0.0454105955822039 0.00751537515674728 -0.180282233173737 -0.054264975103049 0.363199645847023 0.00540816810888016 0.34808988946073 -0.0703569425503393 -0.185754621902147 0.360707385650218 -0.0740350364061146 -0.0575556000049907 -0.0363885454567446 0.334381138591791 0.000184995836875723 0.34808988946073 -0.0553756480515301 0.00188106201858134 -0.190669323076812 -0.0313814630519626 -0.197626016513045 0.0292821003865619 0.334381138591791 -0.104377447226185 -0.0703569425503393 0.0813067823454385 -0.0370587668497657 -0.198664119469394 -0.0454105955822039 -0.106673164989623 0.39671443769311
0.155471233599403 0.100871984908838 -0.0432759496588307 -0.0301560773053399 -0.082288868451364 -0.0413584913988351 0.15275066649233 0.153201328291226 0.959707885595909 -0.0418330211313231 0.153201328291226 0.0233973272775313 -0.0454105955822039 0.154410453451688 -0.0276022179485548 0.0233973272775313 -0.0368825229273788 -0.0311867368586748 -0.0454105955822039 1 -0.0807455279271605 0.127388470435561 -0.0216108831931639 -0.0388170248474329 -0.0739131205560678 -0.0298798357377947 -0.0773125860899952 0.11662294416949 -0.0309629143475992 0.0515272775436573 -0.0257615767610801 -0.0263979909050601 -0.106370254154812 -0.0320139512722016 -0.0298798357377947 0.0248077569802746 -0.0751204777442525 0.116424561653574 -0.0251418227577135 0.0983017089558114 -0.0568450954266412 -0.106370254154812 0.00240351851896992 -0.0773125860899952 -0.0225267679302984 0.101222796608447 0.10112703177333 1 0.00103197866528169 -0.0396869615293622
-0.266387174148985 -0.300818106968269 0.0073452536152365 0.0146309715673469 -0.108513581985697 0.0145912049856275 -0.279547470500669 -0.27733964388086 -0.0754875673781117 0.0038139879201684 -0.27733964388086 -0.191938022543826 -0.00252672095787145 -0.27649389123598 0.237222622651486 -0.191938022543826 -0.0759957643811419 -0.0731669233982612 0.00751537515674728 -0.0807455279271605 1 -0.314579663577464 0.519730653506772 -0.0900335332454564 0.783674033025601 0.30112640178942 0.67019086077673 -0.365885603518298 -0.0203681082926681 -0.172769082421197 0.51625604739885 -0.0427406051116815 -0.103663361602654 -0.0497725783386775 0.30112640178942 0.414475071312499 0.777729369499466 -0.361718000874722 -0.00704433012612516 -0.402902329286107 0.877077138391479 -0.103663361602654 -0.0929736386499176 0.67019086077673 0.368193556343836 -0.0823616538672478 -0.400466799589444 -0.0807455279271605 -0.0967499796031634 -0.0941264646750313
0.753742373864379 0.623328702580201 -0.172285060021791 -0.12447389801687 -0.319327365369683 -0.168243697776417 0.767281362037483 0.765771071418278 0.108818378856413 -0.161791268031655 0.765771071418278 -0.336717534650414 -0.165323054296901 0.763373349788753 -0.124095527556622 -0.336717534650414 0.14169981081932 0.0726397342229687 -0.180282233173737 0.127388470435561 -0.314579663577464 1 -0.569935078235601 0.123552153741904 -0.388401074069082 -0.107321116339552 -0.276117298845122 0.863078784026833 -0.152268338190098 -0.309340938641055 -0.573875518837434 -0.0528683020079676 -0.401496734732497 0.0924434578652075 -0.107321116339552 -0.176301656340988 -0.390980323877946 0.865585861351188 0.13094144911298 0.820488361623473 -0.363990793318803 -0.401496734732497 0.290998449882255 -0.276117298845122 -0.249367369139043 -0.0333485684157597 0.826768361613138 0.127388470435561 0.289829078989497 0.0984996620081513
-0.434303976869838 -0.506411853067161 -0.062220163941751 -0.0592466055124505 -0.21662014595191 -0.0534797220117941 -0.451758805475118 -0.448003098664156 -0.00800856698605633 -0.067648345782916 -0.448003098664156 0.350131890059477 -0.0781827129446771 -0.446446943736157 0.157501817392442 0.350131890059477 -0.105483007437066 0.001951656025146 -0.054264975103049 -0.0216108831931639 0.519730653506772 -0.569935078235601 0.999999999999996 -0.0485036404920022 0.640782599137562 0.157700512806398 0.43594674729777 -0.66015501900299 -0.0275498498188999 0.575748090800148 0.975676385226511 0.114655453296966 -0.279819952136236 -0.0752763365496138 0.157700512806398 0.321706314753578 0.637521804966892 -0.657496380591216 -0.0449839995167131 -0.704774569060214 0.586056897381717 -0.279819952136236 -0.180394421457782 0.43594674729777 0.425002389642356 0.177184529096289 -0.699962962846895 -0.0216108831931639 -0.174512255892362 -0.0435497930143258
-0.131390093460616 0.0889381906781316 0.371288841175834 0.346357726182995 -0.0680243673741936 0.330285565371494 -0.136344573120514 -0.13551253906065 -0.0372530048414539 0.376878497703083 -0.13551253906065 0.02469492354064 0.363199645847023 -0.135346930997505 0.0204891526627995 0.02469492354064 -0.0497780579712659 0.832902814673587 0.363199645847023 -0.0388170248474329 -0.0900335332454564 0.123552153741904 -0.0485036404920022 1 -0.0807190865020056 0.0132502883603463 -0.0389238334610211 0.12303943748369 -0.0417887287263093 0.00736852467737753 -0.0676878417963712 -0.0356277341488907 -0.109106623833818 -0.0432072481986838 0.0132502883603463 -0.0488112349839237 -0.0823756849949779 0.122983374320834 -0.0339323617638885 0.137567949831125 -0.0569922275255462 -0.109106623833818 -0.0623389142735825 -0.0389238334610211 -0.0698561589286121 0.0489926579477709 0.128628433247101 -0.0388170248474329 -0.0633722962407645 0.904391247217745
-0.299472388926061 -0.315135947669867 -0.0118102067990901 -0.00112210028972238 -0.118289851727712 -0.0128109678751101 -0.314494569947569 -0.311974511473339 -0.0671747701322177 -0.0235311402732001 -0.311974511473339 -0.236673309290306 -0.022847991111674 -0.310986493719726 0.226123521994366 -0.236673309290306 -0.0804288101659976 -0.0531560704686959 0.00540816810888016 -0.0739131205560678 0.783674033025601 -0.388401074069082 0.640782599137562 -0.0807190865020056 1 0.259901323247713 0.662591890002924 -0.453708941399921 -0.0205188222703823 -0.251343674999805 0.638285480621333 -0.0854942497168297 -0.155565314510698 -0.0708244670423531 0.259901323247713 0.492183473371968 0.993057292478388 -0.454253474614054 0.00114905113621555 -0.474537334068906 0.902240909034737 -0.155565314510698 -0.150904159404513 0.662591890002924 0.680442401354792 -0.102912185737094 -0.470613161576457 -0.0739131205560678 -0.154663502967395 -0.0857720186602908
-0.107955968563661 0.0818163006487291 0.355157248088602 0.297723095066012 -0.0559118657805556 0.350635597137989 -0.111795360377794 -0.111150421713114 -0.0286759139778725 0.328823968734012 -0.111150421713114 -0.0277290850097396 0.348089889460729 -0.111052236674907 -0.0286759139778724 -0.0277290850097396 -0.038317212650217 0.0309023939126023 0.34808988946073 -0.0298798357377947 0.30112640178942 -0.107321116339552 0.157700512806398 0.0132502883603463 0.259901323247713 0.999999999999996 -0.0503450156598708 -0.084427445746648 -0.0321673377838994 -0.0783796110105875 0.151315521347023 -0.0274248438220806 -0.0631473945552979 -0.0332592588930522 0.999999999999996 0.0196582977310222 0.258167648507714 -0.0833669625515274 0.0606352781134734 -0.0970887339763015 0.289857998285537 -0.0631473945552979 -0.0479860712120063 -0.0503450156598708 0.383331597749519 -0.0353556021228218 -0.0947259651811524 -0.0298798357377947 -0.0487815284515847 0.011440397870571
-0.195101367795716 -0.268018485558715 -0.0765860819901111 -0.054972448087727 -0.0646980796019093 -0.0687996767170204 -0.204718971773464 -0.203105470518715 -0.0741974985263821 -0.0723704657260413 -0.203105470518715 -0.145051165430749 -0.0828059449422371 -0.202489475639767 0.378073770581064 -0.145051165430749 -0.0498106483901162 -0.00653820145980323 -0.0703569425503393 -0.0773125860899952 0.67019086077673 -0.276117298845122 0.43594674729777 -0.0389238334610211 0.662591890002924 -0.0503450156598708 0.999999999999996 -0.335001741420033 0.00374073634383881 -0.147331073238089 0.434551564876743 -0.0709604168378128 -0.064254784151338 -0.0579553029715472 -0.0503450156598708 -0.0577478984758838 0.658120173382843 -0.331539751565334 0.0383480614805631 -0.357027303209609 0.730178550234639 -0.064254784151338 -0.105081882375741 0.999999999999996 -0.0807877014472699 -0.0649274259734564 -0.358360455843085 -0.0773125860899952 -0.10737797799605 -0.0209307905347483
0.647014204733347 0.511875444531052 -0.175005069745701 -0.134083114059209 -0.333013637192716 -0.190424703789104 0.666074488793562 0.665198530276939 0.099947284207517 -0.177937384423184 0.665198530276939 -0.105729661272522 -0.163255038889775 0.662927961206568 -0.114135780583707 -0.105729661272522 0.118690829878172 0.0870567684807157 -0.185754621902147 0.11662294416949 -0.365885603518298 0.863078784026833 -0.66015501900299 0.12303943748369 -0.453708941399921 -0.084427445746648 -0.335001741420033 1 -0.184794744461631 -0.353317106059937 -0.658342861582554 -0.0803907201097571 -0.449036994600028 0.0764197611879151 -0.084427445746648 -0.197527751171124 -0.457565074338455 0.993422775796575 0.126492808933167 0.937869638206538 -0.416842495008106 -0.449036994600028 0.255375536022519 -0.335001741420033 -0.278947977804529 -0.0687356223446247 0.947134928411347 0.11662294416949 0.253265548634336 0.0963502271239609
-0.0974793301285567 0.098135610949641 0.368030920551103 0.308514905260027 -0.0027683948074531 0.397553832277745 -0.101403797985117 -0.100744919875949 -0.029715353060422 0.37309875351742 -0.100744919875949 -0.0556411128838456 0.360707385650218 -0.100581340698319 -0.029715353060422 -0.0556411128838456 0.0189076798550317 -0.0335742909604294 0.360707385650218 -0.0309629143475992 -0.0203681082926681 -0.152268338190098 -0.0275498498188999 -0.0417887287263093 -0.0205188222703823 -0.0321673377838994 0.00374073634383881 -0.184794744461631 0.999999999999994 -0.012810156833804 -0.0319690090294593 0.0516707897295961 0.297735389394908 0.0323107820544634 -0.0321673377838994 0.0148795905193035 -0.0219026856458751 -0.183096330836225 -0.0270665980980386 -0.194898730168925 -3.37373807052041e-17 0.297735389394908 -0.00438754069462862 0.00374073634383881 -0.0045823759077214 -0.0366371652723657 -0.192721267146497 -0.0309629143475992 -0.00577711451751814 0.110099721094139
-0.227495083275447 -0.301538304578679 -0.0657064948594461 -0.0915675598849025 -0.156269185479565 -0.0536435974072925 -0.233457789969928 -0.231416291608292 0.0614651249584266 -0.0600533089670671 -0.231416291608292 0.692588241477876 -0.0740350364061146 -0.230510605049418 -0.0426561249711482 0.692588241477876 -0.047060045131985 0.0590669509076508 -0.0740350364061146 0.0515272775436573 -0.172769082421197 -0.309340938641055 0.575748090800148 0.00736852467737753 -0.251343674999805 -0.0783796110105875 -0.147331073238089 -0.353317106059937 -0.012810156833804 1.00000000000001 0.560250390582841 0.235309332117824 -0.194153468880673 -0.0192831587616535 -0.0783796110105875 -0.119411488768494 -0.248062934013157 -0.349355633557959 -0.0578218873113141 -0.387090814186517 -0.215814833870145 -0.194153468880673 -0.0662558759784908 -0.147331073238089 -0.189942475314536 0.332532573500524 -0.385232677566218 0.0515272775436573 -0.0548513154120474 0.0192799344991378
-0.434049527075427 -0.509883991148464 -0.0650555465935449 -0.0719863563656266 -0.188609382698028 -0.0644250345904218 -0.451826888379435 -0.448026752230015 -0.0121385105427504 -0.0782197098000801 -0.448026752230015 0.332211413805361 -0.0811981388762985 -0.446426123641576 0.151467501120407 0.332211413805361 -0.109910938120113 -0.00284118567583663 -0.0575556000049907 -0.0257615767610801 0.51625604739885 -0.573875518837434 0.975676385226511 -0.0676878417963712 0.638285480621333 0.151315521347023 0.434551564876743 -0.658342861582554 -0.0319690090294593 0.560250390582841 0.999999999999992 0.109298330923273 -0.262363544957749 -0.0793071205693777 0.151315521347023 0.319436203795332 0.634854487365364 -0.66484812912913 -0.0483121544771056 -0.704519237108423 0.581332205088467 -0.262363544957749 -0.173305605365645 0.434551564876743 0.422488744365621 0.169940260206044 -0.699396603274461 -0.0257615767610801 -0.167758835442071 -0.0626905907488675
-0.0391041473675145 -0.073086708700448 -0.0343643691897316 -0.0493013227155879 -0.00901184419701799 -0.0322497507956845 -0.0422846068209982 -0.0417517300610542 -0.0253343600354755 -0.0329945963360845 -0.0417517300610542 0.138496664864355 -0.0363885454567446 -0.0414231775805101 -0.0253343600354755 0.138496664864355 -0.0338521750897126 -0.0286243671208552 -0.0363885454567446 -0.0263979909050601 -0.0427406051116815 -0.0528683020079676 0.114655453296966 -0.0356277341488907 -0.0854942497168297 -0.0274248438220806 -0.0709604168378128 -0.0803907201097571 0.0516707897295961 0.235309332117824 0.109298330923273 1.00000000000001 -0.0177510261928661 0.0482492327779631 -0.0274248438220806 -0.0528577632677474 -0.0611133694841588 -0.0794180714676406 -0.0230761162338175 -0.0913967815927212 -0.096895647579361 -0.0177510261928661 0.0103152000161306 -0.0709604168378128 -0.0435429191879331 -0.0312356758407691 -0.0893254962348018 -0.0263979909050601 0.0610075866996649 -0.0364261949519014
-0.251668373629984 -0.0998223603351137 0.338483785670633 0.291763254135783 0.751334762003915 0.346747294213275 -0.26483771297563 -0.262628776384504 -0.102084371705214 0.348046065779423 -0.262628776384504 -0.226303955744868 0.334381138591791 -0.261709236714873 -0.0510421858526071 -0.226303955744868 -0.0194866803145111 -0.115341399147249 0.334381138591791 -0.106370254154812 -0.103663361602654 -0.401496734732497 -0.279819952136236 -0.109106623833818 -0.155565314510698 -0.0631473945552979 -0.064254784151338 -0.449036994600028 0.297735389394908 -0.194153468880673 -0.262363544957749 -0.0177510261928661 1.00000000000001 0.0148000973486766 -0.0631473945552979 -0.0979751495941697 -0.145634843067295 -0.450117721307087 -0.0929848168190195 -0.478254802083115 -0.118391289637071 1.00000000000001 -0.0954622946416317 -0.064254784151338 -0.138532525178147 -0.104886352583591 -0.470224608161135 -0.106370254154812 -0.0992337369491685 -0.0620986940277699
0.08975500728846 0.0970737099872719 0.00318351553818761 -0.0195447016555013 -0.00840820611884643 -0.0222296472886048 0.122052031714286 0.122585012054224 -0.0307240414850153 0.00522493127051982 0.122585012054224 -0.0242187451216422 0.000184995836875723 0.123725506982058 -0.0307240414850155 -0.0242187451216422 0.811182129294994 -0.0347139711313794 0.000184995836875723 -0.0320139512722016 -0.0497725783386775 0.0924434578652075 -0.0752763365496138 -0.0432072481986838 -0.0708244670423531 -0.0332592588930522 -0.0579553029715472 0.0764197611879151 0.0323107820544634 -0.0192831587616535 -0.0793071205693777 0.0482492327779631 0.0148000973486766 0.999999999999995 -0.0332592588930522 0.0104167094704589 -0.0721846760357515 0.0765278876447332 -0.0279853744672471 0.0576814296518152 -0.0514103702502232 0.0148000973486766 -0.0514133932664968 -0.0579553029715472 -0.037784950087583 -0.0378808147906808 0.0606776243463204 -0.0320139512722016 -0.0522656646621778 -0.0441755751191784
-0.107955968563661 0.0818163006487291 0.355157248088602 0.297723095066012 -0.0559118657805556 0.350635597137989 -0.111795360377794 -0.111150421713114 -0.0286759139778725 0.328823968734012 -0.111150421713114 -0.0277290850097396 0.348089889460729 -0.111052236674907 -0.0286759139778724 -0.0277290850097396 -0.038317212650217 0.0309023939126023 0.34808988946073 -0.0298798357377947 0.30112640178942 -0.107321116339552 0.157700512806398 0.0132502883603463 0.259901323247713 0.999999999999996 -0.0503450156598708 -0.084427445746648 -0.0321673377838994 -0.0783796110105875 0.151315521347023 -0.0274248438220806 -0.0631473945552979 -0.0332592588930522 0.999999999999996 0.0196582977310222 0.258167648507714 -0.0833669625515274 0.0606352781134734 -0.0970887339763015 0.289857998285537 -0.0631473945552979 -0.0479860712120063 -0.0503450156598708 0.383331597749519 -0.0353556021228218 -0.0947259651811524 -0.0298798357377947 -0.0487815284515847 0.011440397870571
-0.113179249386452 -0.171514398183216 -0.0506651617368904 -0.055770333881402 -0.0689975733938652 -0.0444424116001318 -0.120222457625845 -0.119041662281359 0.030397969640198 -0.0474708828005107 -0.119041662281359 -0.0961144994836152 -0.0553756480515301 -0.118444660126972 -0.0552690357094495 -0.0961144994836152 -0.00844015601738836 -0.0624464626833918 -0.0553756480515301 0.0248077569802746 0.414475071312499 -0.176301656340988 0.321706314753578 -0.0488112349839237 0.492183473371968 0.0196582977310222 -0.0577478984758838 -0.197527751171124 0.0148795905193035 -0.119411488768494 0.319436203795332 -0.0528577632677474 -0.0979751495941697 0.0104167094704589 0.0196582977310222 1.00000000000001 0.488854490525458 -0.195269382771641 -0.0503424870561699 -0.220851853024493 0.549603597505642 -0.0979751495941697 -0.0418910857254982 -0.0577478984758838 0.704850829649605 -0.0329359051962172 -0.216394842735792 0.0248077569802746 -0.0440550629319435 -0.0794668058216943
-0.300461047741235 -0.318812613185502 -0.0152331317684272 -0.00512492232158377 -0.103686330871348 -0.016241962599219 -0.315617993606722 -0.313075373931398 -0.0683388338785526 -0.0268839413539981 -0.313075373931398 -0.23575344148763 -0.0263348682601401 -0.312070151494156 0.224541882743815 -0.23575344148763 -0.0819975356952027 -0.0545036821922755 0.00188106201858134 -0.0751204777442525 0.777729369499466 -0.390980323877946 0.637521804966892 -0.0823756849949779 0.993057292478388 0.258167648507714 0.658120173382843 -0.457565074338455 -0.0219026856458751 -0.248062934013157 0.634854487365364 -0.0611133694841588 -0.145634843067295 -0.0721846760357515 0.258167648507714 0.488854490525458 1.00000000000001 -0.458057359141062 1.91417762866406e-18 -0.478895420357952 0.896138419471214 -0.145634843067295 -0.152797290102767 0.658120173382843 0.675666194269551 -0.104318800809157 -0.474875249803247 -0.0751204777442525 -0.156586224981557 -0.0874611250955377
0.645896073551274 0.508215363596071 -0.180109016392824 -0.138439433435956 -0.336681873800647 -0.187884783305438 0.664909479160639 0.664027042423245 0.0998306810067199 -0.175499332256769 0.664027042423245 -0.107807028422659 -0.168308355805509 0.661773002039005 -0.112933457888852 -0.107807028422659 0.118626574501993 0.087084403123943 -0.190669323076812 0.116424561653574 -0.361718000874722 0.865585861351188 -0.657496380591216 0.122983374320834 -0.454253474614054 -0.0833669625515274 -0.331539751565334 0.993422775796575 -0.183096330836225 -0.349355633557959 -0.66484812912913 -0.0794180714676406 -0.450117721307087 0.0765278876447332 -0.0833669625515274 -0.195269382771641 -0.458057359141062 0.999999999999995 0.126168170366198 0.936218331772976 -0.412365307375463 -0.450117721307087 0.254637494671359 -0.331539751565334 -0.282879320267823 -0.0676967301557019 0.945392414347077 0.116424561653574 0.252554352818435 0.0964743229901534
0.173656918950351 0.127987152728266 -0.0294134203175431 0.0541840928924509 -0.0719337884448249 -0.0271798421129058 0.17142061071251 0.171789802172187 -0.0241288055588327 -0.0280807243423937 0.171789802172187 -0.0371310752658813 -0.0313814630519626 0.173008990206016 -0.0241288055588327 -0.0371310752658813 -0.0322412940109583 -0.0272622551955769 -0.0313814630519626 -0.0251418227577135 -0.00704433012612516 0.13094144911298 -0.0449839995167131 -0.0339323617638885 0.00114905113621555 0.0606352781134734 0.0383480614805631 0.126492808933167 -0.0270665980980386 -0.0578218873113141 -0.0483121544771056 -0.0230761162338175 -0.0929848168190195 -0.0279853744672471 0.0606352781134734 -0.0503424870561699 1.91417762866406e-18 0.126168170366198 0.999999999999994 0.109716242506456 0.0184569591390169 -0.0929848168190195 0.125287369654419 0.0383480614805631 -0.0383250620517861 -0.0297493028363561 0.112254378699438 -0.0251418227577135 0.12255250835141 -0.0346928272122049
0.581859266753472 0.535382337811269 -0.193406135938672 -0.14839259796597 -0.350711811176239 -0.207479789729196 0.607501665891899 0.602445865142842 0.0827354939713923 -0.195524141594735 0.602445865142842 -0.151934477428589 -0.175823858107691 0.600347861379774 -0.105852764345753 -0.151934477428589 0.110552483825585 0.0834525636195506 -0.197626016513045 0.0983017089558114 -0.402902329286107 0.820488361623473 -0.704774569060214 0.137567949831125 -0.474537334068906 -0.0970887339763015 -0.357027303209609 0.937869638206538 -0.194898730168925 -0.387090814186517 -0.704519237108423 -0.0913967815927212 -0.478254802083115 0.0576814296518152 -0.0970887339763015 -0.220851853024493 -0.478895420357952 0.936218331772976 0.109716242506456 1.00000000000001 -0.452317663569334 -0.478254802083115 0.234980031893165 -0.357027303209609 -0.285041255015204 -0.0840063175126245 0.989692022766399 0.0983017089558114 0.232405066920886 0.0981004494067685
-0.261859554665427 -0.28973554528878 0.0296413734129033 0.023638103000925 -0.103828646330849 0.0386276071167789 -0.274975183259101 -0.272774949283418 -0.0506579230285141 0.0265712197983789 -0.272774949283418 -0.185349731676014 0.019521400257708 -0.271914266818333 0.25328961514257 -0.185349731676014 -0.0580199339995552 -0.0336685500342504 0.0292821003865619 -0.0568450954266412 0.877077138391479 -0.363990793318803 0.586056897381717 -0.0569922275255462 0.902240909034737 0.289857998285537 0.730178550234639 -0.416842495008106 -3.37373807052041e-17 -0.215814833870145 0.581332205088467 -0.096895647579361 -0.118391289637071 -0.0514103702502232 0.289857998285537 0.549603597505642 0.896138419471214 -0.412365307375463 0.0184569591390169 -0.452317663569334 0.999999999999997 -0.118391289637071 -0.124662660825551 0.730178550234639 0.490587910582165 -0.0832773861411702 -0.449883952862474 -0.0568450954266412 -0.128032673395588 -0.0616311940737415
-0.251668373629984 -0.0998223603351137 0.338483785670633 0.291763254135783 0.751334762003915 0.346747294213275 -0.26483771297563 -0.262628776384504 -0.102084371705214 0.348046065779423 -0.262628776384504 -0.226303955744868 0.334381138591791 -0.261709236714873 -0.0510421858526071 -0.226303955744868 -0.0194866803145111 -0.115341399147249 0.334381138591791 -0.106370254154812 -0.103663361602654 -0.401496734732497 -0.279819952136236 -0.109106623833818 -0.155565314510698 -0.0631473945552979 -0.064254784151338 -0.449036994600028 0.297735389394908 -0.194153468880673 -0.262363544957749 -0.0177510261928661 1.00000000000001 0.0148000973486766 -0.0631473945552979 -0.0979751495941697 -0.145634843067295 -0.450117721307087 -0.0929848168190195 -0.478254802083115 -0.118391289637071 1.00000000000001 -0.0954622946416317 -0.064254784151338 -0.138532525178147 -0.104886352583591 -0.470224608161135 -0.106370254154812 -0.0992337369491685 -0.0620986940277699
